timeline:
- epoch: 2025-04-28T16:58:48.719 UTC
  state:
  - value:
      pos_x: 1539.9692131580866 km
      pos_y: 6894.486161677834 km
      pos_z: 513.3512090655292 km
      vel_x: 1.4288690169234997 km/s
      vel_y: -0.8800482730976 km/s
      vel_z: 7.406652847137082 km/s
- point:
    epoch: 2025-04-29T16:58:48.719 UTC
